73471.9,50.6 5.2 0.48 1
84774.4,55.6 11.6 9.58 1
43510.0,23.0 1.0 2.67 0
60470.2,39.3 0.0 9.31 0
68688.3,50.5 7.5 1.87 0
59802.1,38.4 7.6 4.87 0
65713.8,33.1 11.1 3.26 2
80185.1,54.4 19.6 8.01 0
59206.8,35.9 13.9 4.60 0
66803.0,46.5 0.0 9.07 0
83393.7,51.0 8.2 7.73 2
80004.1,50.0 7.8 1.86 2
82315.1,45.7 10.7 6.85 2
67998.4,34.5 11.7 1.22 2
56882.4,29.9 7.9 0.06 1
61189.8,32.7 6.7 4.21 1
80714.9,53.3 8.4 2.92 1
77892.9,45.1 9.5 0.93 2
77497.8,54.3 10.2 8.42 0
66045.8,40.1 14.5 7.31 0
76650.0,56.1 4.6 0.27 0
72943.9,45.2 12.8 1.95 1
68979.0,35.5 11.6 8.07 2
75030.0,43.6 16.6 8.71 1
86861.6,58.1 3.8 8.91 1
79193.3,50.2 5.2 1.79 2
69976.4,46.5 16.1 7.25 0
56040.0,26.7 2.2 0.43 2
75065.0,41.3 7.7 4.35 2
0.0,18.0 0.0 9.95 1
57639.0,28.2 6.2 4.72 2
70770.1,42.1 2.2 9.03 1
64337.1,31.2 9.2 4.79 2
74970.9,50.9 14.8 1.99 0
64817.7,37.9 11.5 6.04 1
57286.9,28.9 6.9 5.83 1
65176.3,44.1 20.3 0.08 0
56598.3,32.8 6.6 2.05 1
70729.8,40.7 16.5 7.38 1
54899.9,36.2 6.7 0.90 0
69321.5,46.3 14.2 2.35 0
80796.5,49.2 13.1 4.43 2
67543.0,48.3 6.9 3.00 0
72822.6,46.2 6.4 7.82 1
92187.3,53.5 15.0 9.00 2
75023.6,55.6 2.1 6.17 0
70083.6,51.6 4.3 3.85 0
67092.9,34.7 12.7 5.89 2
57636.9,32.7 8.7 3.68 1
68322.5,45.9 2.6 2.25 1
58554.5,34.9 7.4 2.60 0
64847.9,38.0 12.9 7.66 0
65791.6,35.5 12.8 9.74 1
56119.0,27.3 5.3 4.33 2
62516.9,35.2 1.2 4.95 1
67805.7,35.8 8.0 2.61 2
66899.5,42.6 16.7 1.57 0
86176.2,52.4 4.1 9.22 2
47616.5,31.4 0.0 2.11 0
71956.1,47.6 7.1 0.88 1
50564.0,23.7 1.7 5.85 1
82601.3,52.0 1.5 7.94 2
75306.4,44.7 5.7 9.62 1
80917.2,50.6 11.8 1.17 2
89742.0,55.2 15.4 7.73 2
52712.5,29.3 7.3 4.68 0
46785.9,28.2 6.2 3.21 0
66893.8,36.0 13.2 5.47 1
73720.5,44.1 8.7 3.66 2
50439.2,25.4 1.9 7.14 1
60602.4,35.0 11.9 2.16 1
54833.9,26.5 4.5 3.09 2
45603.5,24.4 2.4 0.36 1
80113.9,43.8 17.6 5.05 2
78414.4,49.3 10.6 2.57 1
71777.1,43.7 9.9 7.78 1
70848.7,41.4 14.9 4.54 1
86831.6,48.2 15.1 9.89 2
63746.8,32.6 1.0 4.06 2
70772.3,38.9 11.6 4.11 2
47611.0,23.1 1.1 7.44 1
58440.9,33.6 4.4 1.20 1
88803.8,52.4 13.2 7.22 2
59236.0,37.5 7.7 2.72 0
74197.2,44.9 12.3 7.73 1
43139.4,74.1 17.7 1.16 2
60135.4,27.7 5.7 3.73 2
75772.7,43.0 6.7 2.27 2
68826.4,44.2 4.9 1.24 1
82369.3,51.0 12.8 9.84 1
67774.6,42.2 7.9 5.83 1
56029.3,28.1 2.4 6.07 1
65635.5,32.4 9.4 6.27 2
62686.4,40.7 6.4 6.97 0
51440.5,27.0 5.0 5.07 1
63025.5,30.8 8.8 5.34 2
73196.9,40.5 17.6 5.10 1
75193.3,53.2 1.6 7.63 0
83173.8,49.7 9.7 7.90 2
69196.5,39.6 3.0 5.03 2
54188.8,28.6 6.3 5.23 1
45569.0,26.4 4.4 2.65 0
77558.9,50.1 11.4 4.69 1
55782.9,34.6 7.3 3.50 0
67387.9,34.6 10.7 4.39 2
78788.1,54.4 4.1 5.14 1
73973.9,45.8 13.5 7.07 1
71866.4,43.5 10.7 9.87 1
74885.3,43.0 2.8 3.35 2
86981.5,55.2 6.6 3.23 2
74789.6,41.1 4.7 9.57 2
78477.6,49.5 13.6 1.42 1
64987.2,42.6 8.5 6.78 0
80501.1,45.8 4.9 8.28 2
62891.6,33.9 0.0 5.86 2
95093.7,57.3 10.9 9.96 2
61878.5,35.3 10.7 6.35 1
67600.1,38.2 3.9 5.25 2
60275.9,36.3 14.3 6.15 0
80127.2,50.8 2.5 2.45 2
45296.1,24.7 2.7 3.85 0
68762.6,40.7 8.0 9.14 1
74388.9,51.5 3.5 7.03 0
83400.3,48.8 12.7 6.99 2
51771.0,31.1 9.1 0.23 0
57580.2,26.2 4.2 8.18 2
73258.1,43.8 12.5 1.76 1
75549.0,41.3 12.0 2.66 2
75293.3,43.7 9.9 2.18 2
87741.2,59.3 8.3 1.74 2
68875.1,46.1 15.6 4.80 0
63618.8,40.9 16.6 4.48 0
62875.6,28.5 6.5 5.51 2
61880.6,36.2 10.6 3.10 1
58493.0,30.8 7.4 2.04 1
64690.0,35.5 11.4 5.37 1
54286.3,28.7 6.7 6.43 1
70732.1,44.1 12.4 3.18 1
72149.8,51.4 6.2 2.01 0
86715.6,56.0 19.8 6.17 1
56930.8,29.9 7.9 1.63 1
80305.7,50.5 1.7 0.06 2
41608.9,70.7 5.8 6.90 2
72218.9,45.1 11.8 3.82 1
51326.1,28.2 4.9 4.43 0
60500.2,28.0 6.0 7.81 2
50656.5,31.1 3.7 3.37 0
50278.1,30.7 8.7 0.16 0
44677.2,26.1 4.1 2.87 0
62318.9,34.5 9.7 5.18 1
71728.0,42.5 0.0 9.69 1
76605.6,55.8 6.6 4.40 0
61218.2,30.0 8.0 5.77 2
78765.0,45.8 21.8 4.09 1
72831.3,41.9 9.0 7.71 1
75923.4,48.8 11.2 2.44 1
63183.3,30.5 1.3 7.06 2
53942.9,29.6 3.0 3.73 1
43759.0,22.1 0.1 7.38 0
61503.6,34.7 8.0 1.43 1
71530.1,41.9 11.4 9.12 1
49776.7,28.3 6.3 5.11 0
88734.9,56.9 14.1 0.79 2
64670.8,34.2 8.7 0.91 2
67901.1,44.6 6.0 8.26 0
64089.9,33.6 11.3 7.44 1
76269.9,52.4 7.9 8.79 0
76663.4,45.1 11.7 4.04 2
57046.3,30.9 6.6 9.25 0
60861.2,32.3 10.3 7.56 1
84669.1,48.9 8.8 8.74 2
68458.4,36.5 12.9 9.54 1
81314.0,55.2 10.2 1.32 1
61912.0,28.4 6.4 7.80 2
52932.4,31.0 2.8 0.57 1
78486.5,46.1 16.1 4.24 2
81077.5,51.1 3.9 0.15 2
71216.1,41.4 19.4 3.52 1
83724.1,54.4 6.6 2.83 2
73213.6,44.6 9.1 5.41 1
47213.3,29.4 7.4 0.29 0
49057.2,23.7 1.7 9.71 0
62170.3,41.2 5.7 0.68 0
58748.2,37.3 3.3 4.69 0
59378.2,33.3 3.5 9.06 1
61161.8,39.2 10.8 0.53 0
62844.3,34.1 12.1 7.73 1
74078.5,51.0 11.0 1.89 0
58914.2,37.7 0.0 7.29 0
62324.8,34.7 10.0 4.69 1
77808.2,45.5 12.1 6.78 2
65933.3,33.1 11.1 0.27 2
74125.1,53.2 7.0 3.17 0
70425.6,34.0 11.2 7.51 2
73734.2,46.5 11.7 0.45 1
62335.9,31.9 9.9 7.82 1
81721.0,50.6 8.5 7.84 1
67053.3,44.2 11.2 4.56 0
53578.7,33.6 11.6 0.04 0
69433.2,42.4 6.7 5.17 1
68588.8,36.2 9.9 8.83 2
75798.4,41.1 9.0 6.66 2
67128.1,43.8 14.0 7.20 0
63346.0,36.7 5.4 5.60 1
71415.1,42.9 14.4 9.81 0
64375.5,35.7 8.7 8.58 1
46610.1,18.2 0.0 5.53 2
73353.7,42.6 15.3 1.13 2
72951.2,40.0 12.8 1.44 2
48720.2,28.9 2.0 8.36 0
66485.3,30.4 8.4 7.53 2
53375.2,26.8 4.8 7.37 1
94721.3,56.4 20.5 4.72 2
77140.2,48.2 9.6 7.62 1
70339.9,46.0 16.2 5.63 0
68469.2,35.1 7.6 7.16 2
73903.9,42.3 1.9 6.24 2
70530.8,40.0 17.8 0.60 1
75136.2,48.9 3.4 6.68 1
62857.5,37.9 5.8 4.92 1
37249.2,66.5 7.2 7.74 1
60823.6,32.3 10.3 1.68 1
60018.0,30.8 8.8 8.29 1
66456.6,40.7 18.7 4.27 0
77468.4,43.6 12.8 3.76 2
47688.2,26.4 4.4 8.37 0
66411.3,38.6 10.4 0.99 1
86147.0,56.8 4.5 3.85 2
50467.4,25.5 3.5 2.64 1
80822.6,57.3 5.9 1.20 1
55667.0,33.9 10.6 4.95 0
66999.5,35.1 10.1 7.67 1
82057.0,46.1 16.3 7.32 2
50067.9,24.1 2.1 8.64 1
89656.3,54.0 13.4 8.31 2
54932.6,34.9 12.9 0.92 0
63147.4,38.0 10.8 4.04 0
62081.0,37.3 5.3 4.14 1
67670.2,43.2 14.7 5.94 0
70581.3,37.4 9.5 1.01 2
62970.9,31.4 9.4 1.37 2
76727.9,49.7 10.0 2.08 1
45871.5,20.3 0.0 5.70 1
79916.4,50.9 9.5 8.27 1
64138.7,40.7 18.7 5.23 0
55536.2,31.5 0.3 1.21 1
54807.3,30.7 1.5 6.34 1
62524.6,37.7 5.9 5.42 1
68209.2,42.8 4.4 2.05 1
56407.2,32.7 4.8 7.34 0
54839.1,30.3 8.3 4.72 0
72022.7,50.8 5.7 8.47 0
90188.5,58.3 17.6 6.78 1
67002.3,35.1 13.1 3.02 2
71360.9,49.9 11.1 5.85 0
74503.9,49.7 0.0 3.00 1
81405.7,48.2 12.0 7.70 2
78128.2,54.7 19.0 4.01 0
55186.4,26.5 4.5 8.71 1
72523.8,46.0 15.6 9.19 0
75720.9,49.3 18.2 0.58 1
75147.5,41.6 7.4 7.03 2
58788.8,29.8 7.8 6.75 1
53328.2,32.1 10.1 6.52 0
58683.5,37.8 9.2 3.28 0
69299.7,40.1 11.2 8.15 1
73907.2,38.9 9.5 9.78 2
76161.9,43.1 10.0 0.28 2
61635.9,33.9 9.6 1.48 1
56267.6,32.6 10.6 0.08 1
79198.4,51.0 4.7 6.83 1
79425.8,46.5 9.4 9.02 2
87401.3,61.7 9.9 0.25 1
71376.2,43.7 16.6 4.54 1
68014.3,39.1 10.5 3.61 1
81148.6,43.9 13.6 7.83 2
57348.9,29.7 7.7 2.93 1
66366.0,34.3 12.3 7.61 1
64758.9,34.3 12.3 2.46 2
66441.0,43.5 8.9 8.23 0
70913.9,40.6 7.9 0.40 2
78389.7,44.7 8.2 4.77 2
75549.7,42.6 9.0 1.16 2
75070.2,44.0 15.5 8.72 1
77950.8,50.3 11.9 0.49 1
78650.8,41.8 11.0 7.04 2
66731.0,37.0 13.8 2.26 1
62543.5,32.6 10.6 0.11 2
65437.8,38.3 2.7 2.35 2
75127.1,46.0 9.8 7.11 1
60311.5,31.2 9.2 2.86 1
83753.7,56.8 6.2 3.74 1
83323.0,59.8 10.9 4.37 0
78513.5,53.7 16.0 3.21 0
67621.4,40.2 10.5 3.77 1
69375.7,46.3 8.1 9.25 0
73303.7,42.5 6.3 4.34 2
81105.1,48.7 9.2 2.50 2
79647.8,48.8 5.5 4.17 2
74947.8,42.7 12.2 3.32 2
71637.5,42.4 16.3 6.22 1
69216.3,45.2 2.4 5.04 1
59668.8,29.7 4.0 0.85 2
83122.5,55.3 7.4 9.44 1
70887.9,40.3 4.4 8.30 1
70009.4,47.3 10.3 0.02 0
64898.1,35.7 7.5 2.70 2
53340.5,29.2 7.2 2.40 1
76863.2,43.5 13.1 4.65 2
91092.2,58.4 17.6 4.38 2
50669.6,29.5 7.5 2.48 0
65178.4,38.1 10.3 2.55 1
67573.3,40.7 5.6 6.60 1
62860.0,31.6 9.6 8.96 1
65271.5,31.7 9.7 6.11 2
69925.8,36.8 14.7 9.00 1
48016.0,29.0 0.0 6.92 0
74334.5,49.7 15.9 9.14 0
77539.7,47.6 14.6 7.78 1
73453.2,44.1 17.3 3.99 1
82208.6,44.6 19.4 3.17 2
57558.7,26.9 4.1 3.65 2
58941.3,26.0 4.0 5.21 2
71010.6,35.3 8.5 9.34 2
79159.6,53.8 7.0 6.10 1
71244.4,39.3 7.9 8.60 2
72564.2,37.2 15.2 5.12 2
70245.4,39.1 15.3 9.22 1
53913.3,26.6 4.6 6.57 1
55300.7,36.6 2.1 0.69 0
74289.9,41.1 5.4 9.65 2
61886.4,33.9 11.9 4.81 1
73764.5,38.3 16.3 8.55 2
84105.8,48.3 14.6 8.65 2
74273.3,53.1 11.0 2.78 0
0.0,18.0 0.0 2.42 2
64841.4,32.0 8.6 4.94 2
60529.7,31.9 9.9 8.92 1
86791.2,55.2 16.2 9.12 1
87550.3,58.0 2.6 9.13 1
77595.6,51.9 23.1 6.84 0
79260.2,53.6 15.3 2.37 0
71000.8,49.1 6.6 9.32 0
49573.4,23.9 1.9 1.78 1
65588.4,31.7 9.7 9.67 2
75684.7,47.4 11.8 2.92 1
62725.3,39.0 6.5 8.81 0
36351.1,68.2 5.3 4.78 0
69259.3,37.1 13.0 3.84 2
78496.1,47.7 6.2 0.73 2
69382.9,42.1 13.7 6.90 0
55362.3,32.0 9.6 3.01 0
84891.8,49.7 10.4 6.66 2
72504.4,49.0 11.6 9.13 0
56807.3,28.8 6.8 4.45 1
80062.7,50.6 13.2 3.60 1
68353.8,31.8 9.8 8.49 2
76328.8,53.0 8.6 8.65 0
71923.2,47.0 21.4 1.19 0
75272.7,47.6 7.9 2.88 1
49924.9,27.9 5.9 0.69 0
80382.5,51.1 2.9 8.19 1
66840.2,37.5 15.5 8.32 1
74297.3,42.1 12.2 9.20 1
61234.1,34.4 10.3 6.13 1
66509.6,35.2 13.2 4.69 2
52722.7,25.8 3.8 4.81 1
63085.7,32.2 10.2 5.24 2
72772.2,38.9 16.9 5.93 2
49752.6,30.4 8.4 1.94 0
68382.3,37.6 14.9 0.49 2
78664.2,42.8 11.7 9.69 2
87285.6,56.4 12.2 7.30 1
65583.8,41.2 14.8 9.53 0
76649.4,41.4 9.6 9.91 2
93773.4,58.2 14.4 8.69 2
83641.2,52.9 6.9 4.52 2
78042.1,51.0 14.3 4.95 1
82959.0,52.2 3.2 0.59 2
67661.2,42.4 9.9 6.60 0
68507.1,47.1 15.7 1.05 0
83785.2,54.6 6.3 0.13 2
67756.3,36.8 4.9 0.25 2
59056.5,36.7 8.6 4.69 0
50029.9,29.0 2.2 1.86 0
79216.8,46.4 5.8 7.81 2
46307.9,22.0 0.0 9.48 0
63960.3,36.2 8.8 1.05 1
41493.6,23.4 0.8 5.46 0
43202.2,24.5 2.5 5.77 0
64609.0,44.9 0.1 8.32 0
54982.8,26.4 4.4 1.86 2
71979.5,41.6 4.6 9.45 1
77541.1,45.7 10.7 6.79 2
56155.9,30.6 8.6 4.89 1
73601.3,52.1 15.8 0.09 0
64097.2,35.6 5.8 8.98 1
0.0,18.0 0.0 7.10 0
85921.7,57.8 23.4 7.82 0
67925.6,46.8 1.6 6.95 0
70375.4,38.3 7.6 9.47 2
34439.4,65.4 6.4 6.65 0
74667.7,53.9 17.5 0.66 0
65340.0,38.5 14.4 2.85 1
0.0,18.0 0.0 9.18 0
59371.2,35.2 13.2 7.75 0
72786.1,48.6 6.8 5.86 0
79521.8,46.8 3.0 6.69 2
63810.9,42.8 9.0 3.96 0
78746.5,46.2 7.9 7.92 2
48117.3,22.7 0.7 1.60 1
78265.4,55.2 12.3 1.45 0
76277.8,39.8 17.8 7.21 2
64379.9,36.5 12.3 2.17 1
79321.4,48.7 8.3 3.08 2
67702.3,45.3 7.3 4.10 0
49756.4,19.5 0.0 7.22 2
72704.9,40.8 1.7 5.96 2
79779.5,51.3 17.0 1.19 1
67074.2,40.7 8.9 6.60 1
55747.3,30.3 4.9 1.85 1
80184.8,44.5 16.9 6.99 2
57545.7,31.8 5.2 5.89 1
74016.1,39.1 14.9 7.98 2
77623.1,50.0 19.1 4.79 0
60661.6,30.9 8.9 3.91 2
59388.8,38.3 10.9 1.77 0
66406.8,42.5 8.6 7.81 0
55268.7,23.4 1.4 5.72 2
57985.7,36.1 0.0 9.17 0
67773.8,39.8 2.0 8.08 1
74068.3,47.0 3.2 4.95 1
81996.7,51.9 13.4 3.82 1
77884.8,49.1 9.1 5.23 1
73962.0,44.0 10.0 7.69 1
74665.5,46.7 17.2 8.74 0
36811.4,69.4 6.4 5.65 0
42432.0,22.6 0.6 2.60 0
78072.1,45.8 17.2 2.01 2
76922.4,48.0 3.2 5.68 1
74049.3,44.0 5.4 3.89 2
76850.9,47.7 24.1 0.25 1
73324.1,45.8 9.6 3.96 1
55757.5,32.3 4.8 7.10 0
59863.5,33.5 10.6 9.78 0
62574.0,43.7 2.6 5.96 0
45963.2,24.4 2.4 8.36 0
70158.5,42.2 14.8 7.73 0
68794.0,37.8 5.7 8.65 2
49605.8,26.1 4.1 8.15 0
60225.3,36.4 13.5 4.91 0
66071.6,48.8 6.7 0.46 0
61985.0,29.6 7.6 4.01 2
68073.1,41.9 12.1 3.26 1
66527.7,39.7 10.3 8.92 0
75337.1,39.4 12.2 9.41 2
65554.2,33.2 9.9 6.62 2
56048.5,33.7 5.0 3.81 0
79295.8,45.0 10.0 7.86 2
76824.8,51.6 17.5 5.40 0
65907.8,38.2 9.2 6.33 1
64033.5,36.6 8.8 8.99 1
88652.3,58.3 16.5 6.39 1
68511.3,35.1 7.4 6.92 2
78483.3,46.8 16.1 0.89 2
57557.2,30.0 7.9 8.05 1
61195.5,36.3 14.3 4.87 0
57642.3,25.6 3.6 3.08 2
55029.0,27.8 5.8 9.73 1
82760.3,49.1 11.3 4.03 2
55543.8,30.3 8.3 5.91 0
60531.1,28.7 6.7 9.82 2
57108.5,26.4 4.4 9.05 1
65672.2,43.7 4.5 3.98 0
74283.3,46.8 19.7 3.62 0
59203.5,29.6 7.6 3.85 2
82572.6,50.1 8.8 9.42 2
57484.5,26.5 4.5 9.95 1
72340.8,48.7 1.9 3.41 1
65935.5,40.1 7.3 8.41 0
67597.0,37.5 15.5 4.71 1
95277.2,60.5 12.4 3.10 2
61642.3,37.1 6.5 5.60 0
0.0,18.0 0.0 6.54 2
64853.3,33.9 11.9 2.61 2
80310.4,47.3 20.4 2.70 2
69749.8,42.1 15.5 1.54 1
48477.6,22.9 0.5 0.86 2
77130.6,49.8 7.6 5.77 1
71398.7,37.9 15.9 3.15 2
71885.5,43.2 9.5 7.26 1
61690.2,27.6 5.6 5.76 2
73412.8,52.0 7.0 3.27 0
62459.0,40.0 15.8 2.22 0
49421.5,27.8 5.6 7.39 0
68837.4,45.7 10.2 6.00 0
62475.0,41.7 0.2 1.70 1
71107.5,38.1 13.9 8.78 1
0.0,18.0 0.0 2.40 0
76270.9,48.8 12.8 1.66 1
67528.1,37.6 9.6 8.79 1
75633.4,47.1 4.8 3.99 2
59944.1,35.8 12.4 6.29 0
40125.7,20.4 0.0 1.45 0
75582.1,47.9 9.4 7.35 1
64997.5,43.1 5.1 4.47 0
76217.1,44.6 15.7 5.85 1
58270.9,32.9 0.0 4.12 1
0.0,18.0 0.0 7.66 0
56748.5,32.6 10.6 5.50 0
67919.7,42.0 5.2 1.10 1
66326.8,45.6 3.9 1.47 0
70080.5,36.4 12.8 5.58 2
62162.8,28.3 6.3 8.90 2
67541.1,45.1 9.0 2.19 0
88229.8,54.9 7.0 8.91 2
45513.1,23.1 1.1 4.69 0
77273.3,51.0 19.8 1.06 0
82347.6,59.4 12.9 5.60 0
83647.8,50.1 5.6 6.61 2
64585.3,42.3 8.0 2.82 0
70713.0,41.0 17.0 3.19 1
91361.4,61.7 16.8 6.80 1
56382.0,34.1 9.7 1.02 0
45773.7,26.6 4.6 3.12 0
34840.9,67.2 6.0 3.63 0
64929.9,40.3 12.1 2.99 0
70439.5,36.3 12.3 5.09 2
83654.0,52.8 10.8 7.90 1
62406.7,28.9 6.9 8.17 2
75692.4,46.2 3.7 7.35 1
57817.0,33.8 8.5 2.17 1
62885.6,36.8 10.4 6.13 0
75970.7,45.9 18.9 5.89 1
68392.8,35.1 8.0 3.88 2
74002.5,39.3 13.0 5.46 2
80100.4,45.1 12.8 4.30 2
59947.1,36.2 3.4 4.56 1
69062.9,46.8 6.5 3.17 0
63167.8,33.7 0.0 0.45 2
63420.8,41.0 14.2 5.90 0
58450.8,34.8 7.4 3.67 0
50750.6,22.6 0.6 1.44 2
72097.8,47.5 12.1 2.10 0
74812.6,40.4 18.3 0.71 2
66335.5,41.8 5.8 2.52 1
74047.6,50.6 2.7 8.83 0
67468.3,34.1 12.1 3.40 2
52684.1,32.7 10.7 2.86 0
51271.1,28.6 6.6 7.88 0
0.0,18.0 0.0 3.15 0
63416.5,35.7 7.0 8.16 1
55819.9,30.1 5.9 9.50 0
70543.8,41.7 0.0 1.23 2
67709.1,42.4 16.0 5.32 0
66082.0,43.2 14.8 5.86 0
67936.2,36.9 9.1 6.82 1
40347.5,22.3 0.3 4.65 0
79967.8,46.5 10.4 4.22 2
80859.0,55.7 6.8 2.71 1
62783.8,31.5 0.9 1.97 2
66154.9,40.6 2.8 3.17 1
59286.0,39.0 9.6 3.57 0
60451.2,39.7 9.1 0.21 0
55151.1,31.1 7.1 6.91 0
59683.0,34.8 12.4 0.73 1
84494.0,48.4 14.5 7.67 2
54300.1,32.6 2.9 4.62 0
68080.7,36.0 12.1 7.05 1
63079.7,37.2 6.3 7.11 1
0.0,18.0 0.0 6.51 2
63163.1,29.7 7.7 8.60 2
70207.5,50.2 2.7 6.54 0
76242.3,49.0 1.5 4.63 1
73485.2,44.4 7.2 7.95 1
74688.9,47.8 9.9 9.01 0
57821.2,30.5 8.5 6.15 1
72575.8,45.2 10.3 3.99 1
65692.2,35.8 12.4 8.50 1
60056.0,31.9 7.7 9.23 1
70291.2,41.8 10.6 2.22 1
64563.7,42.0 8.9 6.33 0
65892.7,38.9 9.6 1.40 1
79550.3,52.5 13.1 8.76 0
51057.3,31.3 9.3 0.15 0
61927.9,37.7 4.9 8.59 0
68377.1,43.7 8.7 3.02 1
68197.9,38.3 8.1 4.71 2
74028.1,40.1 12.5 5.16 2
70162.6,49.6 8.2 1.45 0
56144.5,29.7 7.7 8.76 0
69733.1,44.6 15.2 5.59 0
80126.8,45.9 14.0 6.79 2
70773.5,47.1 9.5 9.32 0
66132.8,39.9 9.5 7.28 0
59520.0,30.2 5.5 8.96 1
60141.2,31.3 9.3 9.82 1
55314.1,27.0 5.0 9.66 1
83397.6,47.5 15.2 4.80 2
54510.9,31.1 6.9 4.97 0
57329.6,26.3 4.3 7.37 2
77724.7,49.4 14.9 9.52 0
79673.6,47.8 6.3 6.56 2
82542.2,53.3 11.3 1.27 2
55778.1,29.3 7.3 0.96 1
77547.5,46.6 16.4 5.73 1
83947.4,57.4 10.1 9.56 0
56985.0,37.5 7.1 1.50 0
60245.0,41.1 1.3 3.08 0
73595.9,45.3 20.4 2.88 1
54644.4,33.1 0.0 9.68 0
76939.0,50.4 0.0 1.50 2
81536.0,49.0 12.8 8.09 1
88940.9,57.3 1.8 4.32 2
70691.6,48.7 7.8 2.58 0
46310.1,26.8 4.8 5.35 0
56362.3,32.2 0.0 0.73 1
79822.3,48.2 19.8 5.78 1
45324.4,27.0 5.0 0.87 0
70063.9,39.9 13.6 3.90 1
65773.3,44.8 6.5 5.74 0
62882.5,31.0 9.0 4.23 2
63446.7,29.6 7.6 7.63 2
70246.5,42.8 10.2 6.15 1
60450.8,37.6 10.1 9.08 0
78158.0,54.0 3.4 4.50 1
77562.9,47.4 11.6 1.80 2
54641.6,29.0 7.0 8.47 0
81818.3,54.7 14.2 6.35 0
72101.9,38.3 10.3 3.83 2
65296.1,33.5 11.5 5.42 2
58477.0,26.3 4.3 9.15 2
42919.9,25.9 3.9 0.88 0
78995.7,47.3 16.4 5.35 1
66365.7,35.8 13.8 6.50 1
64313.3,41.8 11.6 7.25 0
72289.8,40.0 7.8 9.79 1
59812.5,35.7 13.7 9.59 0
84274.4,47.7 11.0 7.90 2
68987.9,40.9 4.1 5.24 1
75046.5,41.0 17.9 9.90 1
59330.2,35.7 3.1 2.04 1
69297.4,49.6 11.1 1.96 0
77631.5,54.0 0.0 4.58 1
68374.3,39.6 9.5 7.14 1
62677.1,27.1 5.1 9.51 2
41167.9,23.0 1.0 3.84 0
78085.7,43.6 17.3 3.66 2
79152.2,57.8 7.0 4.90 0
84696.3,52.1 11.7 4.16 2
48852.7,24.8 2.8 7.10 0
62037.3,37.6 13.8 7.34 0
86780.6,58.0 4.6 4.69 2
55034.2,30.7 8.7 5.98 0
79836.5,53.2 5.8 1.85 1
77114.7,44.5 11.8 3.90 2
88994.1,55.0 12.6 9.72 2
71679.0,39.0 10.9 3.36 2
50902.2,18.3 0.0 6.87 2
74354.1,45.7 10.3 8.07 1
58093.4,31.1 4.9 8.34 1
67108.2,41.3 5.8 2.98 1
68850.5,39.0 4.3 2.62 2
87049.7,51.7 18.3 1.04 2
68874.2,49.2 10.3 0.01 0
67051.3,43.1 8.7 7.55 0
63377.5,31.0 7.9 1.07 2
80640.0,48.5 7.0 5.39 2
90462.7,63.2 3.1 7.33 1
69323.7,35.0 13.0 8.51 2
68039.6,36.6 12.0 1.98 2
75505.2,48.2 10.3 6.47 1
75793.1,43.5 3.8 3.37 2
64848.9,39.3 17.0 8.28 0
66323.6,42.0 13.4 8.74 0
83667.0,50.3 6.4 8.73 2
77030.1,49.4 8.7 1.89 1
74569.8,42.4 10.9 6.31 2
68421.6,38.4 1.3 7.98 2
40711.0,22.5 0.5 2.14 0
38122.7,65.1 7.7 6.59 1
79014.1,44.4 14.0 2.42 2
62300.0,38.0 14.0 0.86 0
66923.2,42.4 20.4 2.00 0
69610.0,50.0 9.2 1.78 0
69633.5,43.6 4.4 1.98 1
65280.4,46.1 9.1 1.88 0
91797.0,54.1 15.7 7.79 2
58746.0,31.5 9.5 6.79 1
79149.5,47.9 10.2 6.47 2
64902.6,43.3 2.3 0.47 1
77954.1,44.0 0.0 8.90 2
82246.9,50.8 0.6 6.68 2
81699.1,48.8 9.5 1.84 2
64839.6,36.5 11.2 5.96 1
56813.7,29.0 5.3 5.51 1
71154.0,44.3 0.0 8.99 1
50828.4,31.2 9.2 0.40 0
78498.1,47.1 14.4 9.56 1
83905.3,52.4 14.4 8.31 1
72830.8,41.3 19.3 3.17 1
52473.1,22.0 0.0 3.75 2
67456.6,41.3 10.9 0.95 1
58305.6,37.1 6.3 2.21 0
68268.8,34.0 10.3 6.68 2
0.0,18.0 0.0 5.36 1
72588.2,38.9 5.6 9.12 2
61575.0,36.8 14.8 8.98 0
77932.6,49.4 9.4 8.25 1
48408.2,30.5 4.0 0.67 0
64746.2,38.3 2.7 8.15 1
66425.9,39.4 11.2 7.95 0
58155.4,32.0 7.0 1.37 1
56007.6,29.3 7.3 9.76 0
77608.9,49.2 14.5 3.10 1
81116.6,51.0 14.1 4.54 1
63441.2,38.6 14.7 5.33 0
54231.3,33.5 8.2 6.13 0
69350.2,46.8 16.2 3.52 0
86634.0,55.1 11.1 3.65 2
61798.4,31.6 9.6 4.01 2
67588.3,40.7 17.2 4.11 0
55600.5,22.8 0.8 7.65 2
68806.7,39.9 17.9 4.99 1
80800.3,48.1 5.8 5.46 2
64805.8,34.8 2.9 2.42 2
49557.2,25.7 3.7 4.24 1
59655.9,35.8 6.8 6.07 0
63571.6,36.6 10.0 3.20 1
66984.3,37.5 13.8 3.08 1
65375.0,41.8 9.4 7.01 0
73027.3,45.3 12.6 3.78 1
73743.6,39.2 11.9 2.92 2
55163.2,29.1 4.9 9.00 1
51652.6,33.1 8.9 0.58 0
74357.6,45.9 4.4 2.98 2
76480.9,48.4 5.8 2.23 2
46015.8,22.4 0.4 2.35 1
79956.0,54.4 10.4 1.60 1
64856.2,29.9 7.9 6.77 2
65966.7,38.2 15.1 3.17 1
74209.6,49.9 10.1 9.45 0
70546.8,48.0 18.1 0.27 0
63678.1,41.8 10.9 2.45 0
63682.2,30.5 8.5 7.61 2
66372.6,34.8 10.8 8.50 1
86856.4,57.3 11.5 6.28 1
79651.9,55.3 11.6 9.87 0
64608.2,40.1 18.1 6.43 0
59791.4,32.9 10.9 4.30 1
0.0,18.0 0.0 6.05 1
73072.7,44.7 11.4 4.31 1
78488.2,54.8 13.2 5.92 0
51702.1,22.2 0.2 1.62 2
41538.4,73.0 14.7 2.02 2
74193.9,46.5 6.7 6.88 1
79712.8,44.4 20.2 9.87 1
61444.5,37.2 6.0 6.99 0
65509.2,42.5 10.8 7.82 0
57382.1,24.0 2.0 9.14 2
45858.7,21.6 0.0 6.60 1
52153.2,30.6 8.6 3.17 0
69531.9,37.5 15.5 4.21 2
75422.4,40.1 3.9 9.12 2
56988.7,34.2 5.4 6.57 0
57234.6,36.2 4.9 2.04 0
81836.7,50.2 7.9 3.82 2
47580.2,27.1 5.1 4.01 0
64644.4,37.6 7.5 2.17 1
67791.4,39.2 10.2 8.57 1
52236.1,32.5 10.5 2.02 0
63142.3,33.2 9.7 6.89 1
85518.0,53.7 10.9 0.70 2
67994.3,39.7 9.2 9.48 1
65947.2,42.5 8.4 6.55 0
59930.0,30.2 6.0 6.11 1
95708.3,62.3 10.2 4.15 2
66460.1,34.2 11.5 0.57 2
69237.0,41.9 9.3 4.38 1
42300.0,23.9 1.9 3.55 0
75907.9,54.2 7.2 0.04 0
58713.8,34.0 0.0 3.45 1
71346.8,37.9 8.4 7.13 2
71340.5,42.1 0.4 5.25 2
78241.4,47.2 11.5 2.85 2
81289.1,54.7 11.3 2.01 1
83850.5,54.1 8.6 9.75 1
58216.9,34.8 12.8 5.44 0
69251.6,40.1 5.0 5.25 1
64969.7,38.6 9.9 6.28 1
58109.3,34.9 12.6 6.85 0
60895.9,32.9 10.9 4.97 1
62245.0,31.0 9.0 6.80 1
78136.5,46.5 13.6 6.96 1
63503.4,37.4 9.0 1.55 1
76309.4,50.4 13.9 0.79 1
65889.3,39.5 6.0 0.93 1
98521.6,62.5 18.4 0.77 2
70694.9,45.4 12.0 8.31 0
71440.4,41.6 8.6 8.31 1
80623.0,64.1 2.6 0.81 0
61375.0,32.5 10.5 8.14 1
71577.4,37.6 15.5 3.98 2
75233.0,41.3 9.8 5.41 2
64416.2,41.8 5.3 1.18 1
64248.8,45.0 3.3 5.70 0
68876.6,41.3 11.9 0.65 1
65554.9,34.4 12.4 3.97 2
73980.4,41.4 11.5 1.22 2
59255.9,35.2 12.7 7.32 0
61208.5,39.2 11.9 0.63 0
73017.5,50.0 20.2 1.97 0
62107.0,45.1 6.6 0.09 0
61584.7,32.6 3.3 6.35 1
84800.9,52.5 15.6 9.40 1
65455.0,42.0 13.0 7.01 0
77580.5,44.9 5.7 3.24 2
65397.9,39.3 13.0 0.73 1
60061.8,36.1 0.2 9.11 0
63369.4,36.1 7.4 6.16 1
52143.4,30.9 8.9 0.88 0
77265.0,51.8 11.9 5.24 0
74213.4,42.4 8.9 2.86 2
59453.6,36.3 5.0 2.68 1
69112.2,43.6 5.9 0.27 1
71367.4,40.9 15.9 5.58 1
77256.2,43.8 20.2 1.30 2
73122.5,40.4 11.9 1.87 2
60593.5,36.9 14.9 1.29 0
76165.7,49.5 1.8 4.06 1
78655.7,47.5 4.4 0.93 2
77586.4,43.9 13.4 7.18 2
71659.3,42.0 19.4 8.56 0
73510.4,49.0 4.6 1.64 1
77745.7,45.7 10.2 9.91 1
57410.8,35.3 0.0 4.70 0
69239.8,42.8 14.6 7.72 0
70416.8,42.4 11.1 2.84 1
51528.1,29.1 7.1 7.70 0
62957.7,34.0 10.2 6.01 1
67305.9,33.1 11.1 8.90 2
84042.4,46.4 14.6 7.20 2
89771.7,51.6 18.8 6.38 2
77065.9,51.4 15.4 7.19 0
52578.4,26.3 4.3 2.55 1
78755.6,54.1 10.3 0.42 1
73879.9,48.4 18.0 0.44 0
74949.5,42.1 4.6 8.32 2
63092.9,37.7 11.3 6.66 0
68655.7,42.2 10.9 1.86 1
79211.0,48.5 11.8 4.16 2
70122.5,44.3 6.2 8.58 0
53265.0,30.1 2.6 0.29 1
92158.2,56.1 7.1 9.81 2
70461.9,38.0 4.2 8.32 2
59755.2,33.6 10.5 3.04 1
79519.4,46.6 15.3 7.27 1
79118.8,48.7 14.3 7.39 1
76421.3,39.4 12.6 7.51 2
83698.0,58.2 13.8 2.31 1
60921.8,33.1 8.3 1.73 1
63649.7,43.4 1.7 5.56 0
67640.6,34.5 9.8 8.00 2
45768.7,24.8 2.8 7.93 0
65749.0,33.0 2.0 4.91 2
54362.7,21.9 0.0 7.78 2
70262.3,33.8 11.8 7.33 2
94919.0,60.8 14.1 7.20 2
62678.3,35.1 3.2 2.26 2
72247.8,44.0 9.1 7.81 1
74582.9,50.0 13.7 2.25 0
36055.8,67.7 11.7 6.44 0
51535.0,30.5 7.8 0.47 0
60728.3,37.7 8.0 5.94 0
71137.7,45.6 17.1 5.85 0
52690.1,32.1 0.0 1.10 1
83901.6,52.4 5.3 7.26 2
72524.4,49.4 9.0 5.13 0
87371.0,53.6 4.5 8.93 2
76697.5,51.7 11.1 1.37 1
50867.5,24.2 2.2 5.22 1
56991.5,27.5 5.5 2.64 2
66603.7,43.4 9.6 5.77 0
66333.4,38.1 7.0 8.34 1
80849.5,52.9 21.9 1.00 1
62555.8,40.5 8.3 1.61 0
49816.5,25.3 3.3 4.63 1
60330.2,36.5 10.4 6.97 0
63474.5,33.1 11.1 5.30 1
83490.6,57.9 8.5 9.26 0
82407.8,48.0 16.8 2.31 2
44605.4,24.0 2.0 6.67 0
73114.6,43.6 13.7 8.85 1
73355.7,49.3 11.6 8.15 0
0.0,18.0 0.0 4.09 2
56825.3,30.0 8.0 0.59 1
65962.2,40.6 9.9 7.92 0
75324.8,42.5 11.5 4.98 2
73703.0,45.6 12.5 5.81 1
47816.7,27.6 5.6 3.51 0
80219.5,46.8 15.6 2.97 2
86121.5,61.3 2.4 1.92 1
83736.7,46.3 15.1 8.25 2
43009.7,23.0 1.0 6.32 0
80923.9,59.2 8.8 7.13 0
75195.9,44.2 7.8 5.57 2
88282.6,61.2 11.3 0.94 1
76075.1,45.6 7.1 4.76 2
64034.1,44.0 4.5 3.92 0
84477.2,53.5 14.4 2.88 2
61819.7,37.6 6.5 2.66 1
63749.7,45.5 4.5 0.24 0
69206.1,47.4 4.3 3.22 0
77789.4,57.5 9.7 2.01 0
76973.5,40.4 7.8 9.11 2
75939.8,47.2 8.6 4.00 1
84688.4,48.5 14.3 7.54 2
74634.3,37.1 10.9 8.82 2
61347.0,34.8 12.8 5.13 1
70693.9,36.8 11.2 0.36 2
70035.6,41.2 7.5 9.18 1
78035.2,46.5 15.2 6.90 1
40420.2,21.6 0.0 4.23 0
62598.4,42.9 9.7 1.89 0
67477.2,44.5 17.7 1.21 0
91354.7,62.3 6.6 8.79 1
62471.8,29.3 7.3 4.61 2
80383.5,54.8 9.9 1.86 1
68240.9,33.2 8.8 7.89 2
67770.3,38.4 8.5 0.06 2
94701.5,62.0 11.3 3.32 2
84212.4,51.3 10.7 0.36 2
65260.3,40.1 17.4 5.21 0
0.0,18.0 0.0 5.03 1
70461.2,47.9 8.6 0.93 0
64901.0,37.8 8.2 0.81 1
62738.5,33.4 7.7 3.56 2
78284.0,55.8 6.1 8.78 0
58580.1,35.2 9.3 8.03 0
72513.3,48.4 10.3 0.06 1
70764.3,38.5 15.1 0.12 2
77721.7,49.2 10.4 5.84 1
57809.2,34.3 7.6 1.67 1
58362.9,29.8 2.8 3.29 2
63818.7,29.8 7.8 6.27 2
47270.9,19.7 0.0 3.35 2
66663.0,42.8 7.1 8.86 0
56713.9,33.9 8.8 7.60 0
56446.4,32.3 9.6 4.34 0
86539.3,56.7 10.6 4.51 1
70197.4,43.1 4.3 3.35 1
68489.5,46.3 12.3 0.68 0
68098.3,46.3 13.7 2.18 0
55222.5,34.1 12.1 2.57 0
72798.4,49.2 1.2 6.68 0
66209.7,40.5 17.6 6.33 0
72239.0,43.7 10.8 8.38 1
61482.9,38.4 12.3 6.15 0
87015.0,58.4 9.1 9.04 1
77393.3,51.6 12.3 4.24 0
88709.3,59.3 10.1 2.84 2
74624.7,44.9 10.7 4.07 1
75670.0,46.5 13.3 8.35 1
68373.9,34.8 11.0 6.83 2
63005.7,36.3 8.0 4.70 1
71392.5,52.7 7.1 0.82 0
60052.2,38.5 5.5 4.96 0
38711.7,22.5 0.5 1.51 0
64593.3,42.6 6.4 3.25 0
87219.8,46.4 20.1 9.50 2
75741.8,42.1 15.6 7.51 2
90986.6,62.7 14.5 2.19 1
75103.3,51.9 7.7 4.13 0
50370.5,29.9 7.9 3.29 0
64747.0,42.4 8.0 3.85 0
57639.6,30.9 6.0 8.80 1
68791.2,41.1 11.9 2.33 1
46343.7,27.6 5.6 1.33 0
38140.0,65.0 5.0 7.97 1
70070.2,45.5 2.2 0.83 1
54030.8,29.9 7.9 2.55 1
74388.0,52.9 9.5 4.65 0
71492.6,40.6 9.3 2.20 2
66266.6,42.3 5.0 8.28 0
98335.6,64.3 3.2 6.56 2
60708.1,30.9 8.7 3.61 2
62700.8,30.0 2.0 7.24 2
38488.0,65.2 8.5 8.68 1
54406.8,29.6 7.6 0.47 1
73120.5,42.4 11.9 9.82 1
83560.9,49.5 14.0 1.24 2
83848.2,55.5 7.4 6.18 1
68538.5,41.0 14.4 0.80 1
68702.3,33.2 6.4 9.47 2
56465.1,31.7 9.7 3.36 1
57526.5,32.7 10.7 6.35 0
80227.3,55.5 4.6 2.51 1
67959.2,34.1 8.7 8.56 2
61888.1,40.2 18.2 0.53 0
76599.6,46.3 0.0 7.28 2
